caminho-50-W
1 -- 2 100
2 -- 3 63
3 -- 4 87
4 -- 5 94
5 -- 6 8
6 -- 7 26
7 -- 8 30
8 -- 9 16
9 -- 10 73
10 -- 11 47
11 -- 12 19
12 -- 13 65
13 -- 14 52
14 -- 15 54
15 -- 16 75
16 -- 17 20
17 -- 18 93
18 -- 19 27
19 -- 20 99
20 -- 21 87
21 -- 22 81
22 -- 23 14
23 -- 24 35
24 -- 25 38
25 -- 26 40
26 -- 27 39
27 -- 28 89
28 -- 29 35
29 -- 30 38
30 -- 31 45
31 -- 32 3
32 -- 33 80
33 -- 34 58
34 -- 35 13
35 -- 36 46
36 -- 37 25
37 -- 38 6
38 -- 39 37
39 -- 40 2
40 -- 41 43
41 -- 42 73
42 -- 43 79
43 -- 44 27
44 -- 45 37
45 -- 46 73
46 -- 47 94
47 -- 48 83
48 -- 49 23
49 -- 50 31

