erdos-renyi-sparse-91
1
2
3
4
5
6
7
8
9
10
11
12
13
14
15
16
17
18
19
20
21
22
23
24
25
26
27
28
29
30
31
32
33
34
35
36
37
38
39
40
41
42
43
44
45
46
47
48
49
50
51
52
53
54
55
56
57
58
59
60
61
62
63
64
65
66
67
68
69
70
71
72
73
74
75
76
77
78
79
80
81
82
83
84
85
86
87
88
89
90
91
1 -- 48
1 -- 78
2 -- 16
2 -- 76
2 -- 79
3 -- 14
3 -- 22
3 -- 27
3 -- 44
3 -- 48
3 -- 82
4 -- 26
4 -- 46
5 -- 10
5 -- 13
5 -- 30
5 -- 38
5 -- 87
6 -- 29
6 -- 50
7 -- 30
7 -- 73
7 -- 77
7 -- 80
7 -- 87
8 -- 12
8 -- 59
8 -- 70
9 -- 45
9 -- 80
10 -- 13
10 -- 24
10 -- 26
10 -- 28
10 -- 52
10 -- 61
11 -- 55
11 -- 60
11 -- 85
12 -- 23
12 -- 61
12 -- 63
12 -- 76
12 -- 88
12 -- 91
13 -- 29
13 -- 37
14 -- 20
14 -- 22
14 -- 42
15 -- 44
15 -- 54
15 -- 64
16 -- 35
17 -- 41
17 -- 43
17 -- 46
17 -- 47
17 -- 52
17 -- 59
17 -- 80
18 -- 50
18 -- 66
19 -- 27
19 -- 38
20 -- 66
20 -- 83
21 -- 23
21 -- 61
23 -- 62
23 -- 67
23 -- 72
24 -- 27
24 -- 48
24 -- 87
25 -- 40
25 -- 64
25 -- 68
25 -- 75
25 -- 76
25 -- 77
27 -- 45
27 -- 55
27 -- 56
28 -- 55
29 -- 43
29 -- 55
29 -- 63
29 -- 86
30 -- 46
30 -- 56
30 -- 62
30 -- 82
30 -- 85
30 -- 86
30 -- 89
31 -- 36
31 -- 41
31 -- 62
31 -- 74
32 -- 43
32 -- 63
32 -- 78
32 -- 89
33 -- 36
33 -- 46
33 -- 50
33 -- 58
33 -- 73
34 -- 38
34 -- 55
34 -- 67
34 -- 83
35 -- 78
36 -- 56
36 -- 66
37 -- 64
38 -- 41
38 -- 57
38 -- 82
39 -- 48
40 -- 53
41 -- 43
41 -- 71
42 -- 54
42 -- 78
44 -- 49
44 -- 88
45 -- 52
47 -- 63
47 -- 67
49 -- 66
49 -- 78
50 -- 55
50 -- 89
51 -- 67
52 -- 67
52 -- 68
52 -- 83
53 -- 69
54 -- 56
54 -- 61
54 -- 69
54 -- 73
55 -- 57
55 -- 68
55 -- 70
56 -- 67
57 -- 80
57 -- 82
58 -- 78
60 -- 83
61 -- 74
61 -- 89
61 -- 90
63 -- 82
63 -- 90
65 -- 90
70 -- 71
72 -- 88
73 -- 90
75 -- 86
76 -- 77
76 -- 80
76 -- 86
80 -- 83
81 -- 83
81 -- 84
81 -- 86
81 -- 89

